1 -3.73036 4.06805
2 -3.44253 3.67508
3 -3.64116 3.88812
4 -3.54603 3.5965
5 -3.19004 3.80423
6 -3.28658 3.84818
7 -3.689 3.46091
8 -3.07424 3.80853
9 -3.38099 3.39577
10 -3.24128 3.483
11 -3.36022 3.59952
12 -2.96726 4.14855
13 -2.94762 4.0847
14 -3.71634 4.00524
15 -3.59351 4.02944
16 -3.59442 3.76146
17 -3.51272 3.85029
18 -3.2079 3.34749
19 -3.89356 3.72482
20 -3.38958 3.52489
21 -3.13205 3.78747
22 -3.21262 3.84566
23 -3.01457 3.69443
24 -3.19402 3.71436
25 -3.494 3.54218
26 -3.04748 3.72875
27 -3.40061 3.62152
28 -3.45581 4.01021
29 -3.09182 3.85567
30 -3.16871 3.79151
31 -3.415 4.16784
32 -3.42046 3.7717
33 -3.59748 3.67991
34 -3.10607 3.63754
35 -3.8035 3.60906
36 -3.79699 4.63075
37 -3.4145 4.06088
38 -3.2411 3.41669
39 -3.64132 3.82356
40 -3.30361 3.67531
41 -3.64805 3.75222
42 -2.92472 3.58437
43 -3.10627 3.72799
44 -3.31568 3.50409
45 -3.19832 3.29826
46 -3.42505 3.40587
47 -3.35355 3.2131
48 -3.33565 3.487
49 -3.40477 3.42374
50 -3.25717 3.85966
51 -3.1822 3.39712
52 -3.47739 3.80533
53 -2.99848 3.66152
54 -2.98936 3.67753
55 -3.34693 3.71227
56 -3.59216 3.47613
57 -3.27266 3.50002
58 -3.35391 3.75066
59 -3.03594 3.56448
60 -3.22522 3.44057
61 -3.08251 3.58485
62 -3.27737 3.59687
63 -3.32098 3.78024
64 -3.19036 3.79216
65 -2.92684 3.57349
66 -3.44299 3.90591
67 -3.2298 3.33239
68 -3.35493 3.43105
69 -3.39976 3.88027
70 -3.2504 3.54018
71 -3.38276 3.71521
72 -4.21626 4.51071
73 -4.22616 4.11955
74 -3.18409 3.87674
75 -3.64733 3.4428
76 -3.5032 3.47859
77 -3.28726 3.57204
78 -3.19705 3.61956
79 -2.90219 3.85106
80 -2.91895 3.53444
81 -3.01846 3.37431
82 -3.58685 3.49973
83 -3.48748 3.54622
84 -3.26859 3.44621
85 -3.18069 3.40676
86 -3.40365 3.72358
87 -3.16822 3.2891
88 -3.39155 3.71565
89 -3.38274 3.7881
90 -2.94156 3.66274
91 -3.78276 3.44491
92 -3.42859 3.31448
93 -3.35521 3.67813
94 -3.42459 3.57004
95 -3.1375 3.60977
96 -3.59963 3.6916
97 -3.24751 3.5201
98 -3.42859 3.55437
99 -3.33322 3.54632
100 -3.16661 3.5769
101 -3.22541 3.84452
102 -3.09925 3.35861
103 -3.13969 3.45584
104 -3.37024 3.62904
105 -3.43435 3.63107
106 -3.539 3.22159
107 -3.35196 3.97828
108 -3.8712 4.4888
109 -3.78698 4.08779
110 -2.95284 3.79492
111 -3.49642 3.43746
112 -3.11749 3.71703
113 -3.51162 3.32383
114 -3.0498 3.30255
115 -3.12305 3.20229
116 -2.90892 3.33429
117 -3.25733 3.73689
118 -3.12687 3.20716
119 -3.13661 3.70751
120 -2.9948 3.24926
121 -3.11299 3.20421
122 -2.97865 3.59394
123 -3.14822 3.68257
124 -3.20326 3.44718
125 -3.18733 4.26457
126 -2.82482 3.24188
127 -2.92501 3.47851
128 -3.16593 3.11753
129 -3.30807 3.40939
130 -3.02477 3.90627
131 -3.21077 3.4082
132 -3.25602 3.27038
133 -2.96575 3.66645
134 -3.32789 3.46568
135 -2.9416 3.72414
136 -3.03852 3.30131
137 -3.13616 3.83423
138 -3.13384 3.14289
139 -3.08852 3.78002
140 -3.1396 3.13901
141 -3.48775 3.35506
142 -3.3894 3.43881
143 -3.54304 3.66763
144 -3.86603 4.51346
145 -3.41486 4.03611
146 -3.30369 3.51665
147 -3.14726 3.45486
148 -3.62092 3.26564
149 -3.00279 3.44019
150 -3.01149 3.72488
151 -2.85297 3.56442
152 -3.01085 3.70407
153 -3.18114 3.49806
154 -3.10747 3.52331
155 -3.3982 3.36876
156 -3.17224 3.24095
157 -3.08762 3.32739
158 -2.92207 3.58657
159 -2.89707 3.26406
160 -3.15147 3.32581
161 -3.04838 3.45856
162 -3.05752 3.82795
163 -2.92516 3.56308
164 -3.1899 3.20722
165 -3.77058 3.38235
166 -3.17235 3.19561
167 -3.14819 3.4306
168 -3.38604 3.16605
169 -3.08756 3.70576
170 -3.19453 3.59391
171 -3.35413 3.42438
172 -3.25352 3.7036
173 -2.93457 3.5332
174 -3.59077 3.35986
175 -3.11898 3.69901
176 -3.16117 3.4437
177 -3.34424 3.32887
178 -3.21123 3.54774
179 -3.3423 4.10109
180 -3.92568 4.48646
181 -3.66179 4.04393
182 -3.36625 3.65043
183 -3.37374 3.31217
184 -3.51949 3.37931
185 -3.46852 3.41416
186 -3.15148 3.46654
187 -3.11915 3.60139
188 -3.15892 3.24367
189 -3.48481 3.33944
190 -2.88917 3.56522
191 -3.47321 3.46108
192 -3.08276 3.54807
193 -3.11025 3.67181
194 -3.06399 3.41523
195 -3.17303 3.22731
196 -3.42973 3.62767
197 -3.49098 3.39546
198 -3.26049 3.16329
199 -3.14453 3.2648
200 -3.27389 3.07736
201 -3.18717 3.0452
202 -2.95441 3.59027
203 -3.01577 3.63166
204 -3.36127 3.25302
205 -3.22115 3.86942
206 -3.25322 3.36624
207 -3.39502 3.26342
208 -3.05575 3.71255
209 -2.98082 3.46087
210 -3.29756 3.21996
211 -3.56941 3.80688
212 -3.1114 3.47986
213 -3.38592 3.34845
214 -3.43351 3.3828
215 -3.38624 3.82122
216 -4.63566 4.64841
217 -3.62584 4.12842
218 -3.31137 3.67015
219 -3.47413 3.37294
220 -3.19568 3.54436
221 -3.58412 3.44088
222 -3.05149 3.43795
223 -3.08018 3.51279
224 -3.08634 3.06532
225 -2.92821 3.14826
226 -3.22893 3.28863
227 -3.70272 3.27122
228 -3.04069 3.46125
229 -3.0338 3.68087
230 -3.34012 3.5231
231 -2.94236 3.4324
232 -3.19583 3.72694
233 -3.14823 3.45866
234 -2.84084 3.17227
235 -3.1624 3.42208
236 -3.39536 3.38122
237 -3.11618 3.4713
238 -3.13333 3.06627
239 -2.93045 3.39784
240 -2.91456 3.09052
241 -3.16011 3.21629
242 -3.38033 3.51057
243 -4.32738 3.36922
244 -3.70141 3.31414
245 -3.07058 3.62167
246 -3.27126 3.74936
247 -3.17591 3.71493
248 -3.24875 3.35282
249 -3.84611 3.13053
250 -3.25296 3.36028
251 -3.30282 3.51338
252 -4.08666 4.71558
253 -3.77014 4.04901
254 -3.2812 3.74123
255 -3.49786 3.74942
256 -3.66735 3.62798
257 -3.84041 3.71293
258 -3.66864 3.92369
259 -3.09846 3.54257
260 -3.15568 3.70864
261 -3.10857 3.66988
262 -3.1018 3.54506
263 -3.19286 3.96989
264 -3.04888 4.19798
265 -3.77493 4.13036
266 -3.18718 3.94411
267 -3.23532 3.80166
268 -3.23995 3.76199
269 -3.89996 3.84152
270 -3.11281 3.66391
271 -3.09202 3.92946
272 -3.45012 3.96254
273 -3.60407 3.69825
274 -3.16826 3.82618
275 -3.50296 3.46584
276 -3.62641 3.63665
277 -3.38332 3.94649
278 -3.13731 3.78948
279 -3.93314 3.78027
280 -3.31917 3.68685
281 -3.0897 3.90449
282 -3.19974 3.9197
283 -3.34561 3.67617
284 -3.21714 3.70995
285 -3.98987 3.94988
286 -3.47133 4.11057
287 -3.4872 4.13345
288 -3.87337 4.4792
289 -3.75603 4.1454
290 -3.1738 3.60104
291 -3.72788 3.36452
292 -3.60955 3.65632
293 -3.48123 3.55898
294 -3.0486 3.84568
295 -3.55287 3.48578
296 -2.94092 3.56523
297 -2.97117 3.50422
298 -3.07332 3.3193
299 -2.90591 3.82068
300 -2.86942 3.34259
301 -3.57949 3.49913
302 -3.15213 3.79122
303 -3.26163 3.38986
304 -3.43647 3.64773
305 -2.93332 3.67866
306 -2.92 3.22074
307 -3.10103 3.6647
308 -3.10705 3.35126
309 -3.08951 3.66555
310 -3.31339 3.65833
311 -3.16354 3.62158
312 -3.19597 3.25436
313 -3.16729 3.65394
314 -3.48146 3.5867
315 -3.19667 3.63251
316 -3.2245 3.60841
317 -2.99615 3.41279
318 -3.11839 3.37293
319 -3.1343 3.67947
320 -3.54909 3.38462
321 -3.41896 3.56141
322 -3.44209 3.75216
323 -3.60109 3.85604
324 -3.63775 4.36325
325 -3.61972 4.06557
326 -3.22081 3.62611
327 -3.6294 3.12586
328 -3.64277 3.35311
329 -3.44973 3.51049
330 -2.88436 3.46758
331 -2.8368 3.47031
332 -3.43459 3.38666
333 -3.36547 3.72102
334 -3.12685 3.31442
335 -3.111 3.76098
336 -3.15246 3.79481
337 -3.30103 3.483
338 -2.94779 3.86875
339 -3.03273 3.23236
340 -3.03575 3.51741
341 -3.38942 3.48499
342 -2.97624 3.53942
343 -3.22085 3.77244
344 -2.91112 3.40511
345 -2.87798 3.1469
346 -3.18886 3.75067
347 -3.0229 3.20185
348 -3.75579 3.33721
349 -3.08528 3.50207
350 -3.38692 3.56754
351 -2.90506 3.58037
352 -2.9524 3.66481
353 -3.16424 3.6052
354 -3.07469 3.63203
355 -3.13692 3.28221
356 -3.3008 3.18397
357 -3.25639 3.66482
358 -3.48038 3.47069
359 -3.17468 3.78764
360 -3.80924 4.53536
361 -3.63494 3.95986
362 -3.60144 3.70099
363 -3.63811 3.36194
364 -3.46814 3.38087
365 -3.35239 3.43612
366 -2.97786 3.27505
367 -3.03212 3.48135
368 -3.19098 3.21748
369 -3.40208 3.4278
370 -3.02307 3.23791
371 -3.31023 3.47937
372 -3.03297 3.28602
373 -3.20369 3.51362
374 -3.25418 3.54289
375 -3.02461 3.23049
376 -3.68997 3.31919
377 -3.35855 3.79969
378 -3.05108 3.19026
379 -2.90438 3.42704
380 -3.18899 2.88085
381 -3.10712 3.27087
382 -3.4846 3.19462
383 -3.13055 3.20119
384 -2.84112 3.21582
385 -2.9609 3.48422
386 -3.38672 3.24336
387 -3.39842 3.47225
388 -2.9235 3.70926
389 -3.12201 3.61921
390 -3.2074 3.12382
391 -3.07777 3.59049
392 -2.86621 3.29606
393 -3.67901 3.23865
394 -3.04506 3.19959
395 -3.2525 3.51324
396 -3.75174 4.58767
397 -4.63225 4.25847
398 -3.13691 3.44502
399 -3.40776 3.26523
400 -3.02419 3.40896
401 -2.99258 3.66317
402 -3.12456 3.38824
403 -2.97525 3.23962
404 -3.24784 3.14941
405 -3.01619 3.31547
406 -3.02319 3.51529
407 -2.93644 2.99147
408 -3.35103 3.37769
409 -3.21926 3.29134
410 -3.05644 3.25364
411 -3.19538 3.42541
412 -3.02931 3.78995
413 -2.87318 3.25996
414 -2.80771 3.66557
415 -3.24474 3.09599
416 -2.89788 3.2977
417 -3.19814 3.1233
418 -3.10783 3.53695
419 -2.80392 3.25983
420 -3.12072 3.34177
421 -3.1024 3.59619
422 -3.21167 3.67895
423 -3.03178 3.47584
424 -2.8886 3.2412
425 -3.01868 3.23539
426 -3.14072 3.47475
427 -3.11404 3.37296
428 -3.14594 3.04992
429 -3.66837 3.15728
430 -3.01531 3.23736
431 -3.2404 3.58405
432 -5.47082 4.49996
433 -3.6413 4.02215
434 -3.90023 3.48823
435 -3.31273 3.71966
436 -3.48159 3.35912
437 -3.18141 3.4032
438 -3.25336 3.37495
439 -3.47935 3.48971
440 -3.03273 3.32944
441 -3.03314 3.3538
442 -3.11063 3.583
443 -3.16404 3.08608
444 -3.17121 3.44629
445 -3.198 3.27338
446 -3.26068 3.57376
447 -3.13966 3.34695
448 -3.12171 3.37775
449 -3.21786 3.40798
450 -3.01579 3.0895
451 -3.39307 3.17142
452 -3.26143 3.17222
453 -3.02802 3.52183
454 -3.32259 3.16513
455 -3.22525 3.19866
456 -2.91784 3.54678
457 -3.73959 3.37053
458 -3.47382 3.17763
459 -3.54465 3.41371
460 -3.22186 3.41768
461 -3.02567 3.76289
462 -3.15473 3.71125
463 -3.07361 3.42827
464 -3.35735 3.26326
465 -3.39241 3.3679
466 -3.16461 3.41701
467 -3.43859 3.5908
468 -3.83466 4.48903
469 -4.45989 4.46719
470 -3.74709 3.48247
471 -3.40486 3.46201
472 -3.41122 3.46745
473 -3.33148 3.87763
474 -3.13259 3.28361
475 -3.053 3.42243
476 -3.12975 3.6432
477 -3.58135 3.64753
478 -3.15025 3.23422
479 -2.96611 3.43212
480 -3.26385 3.36861
481 -3.25063 3.1754
482 -3.14965 3.61484
483 -3.02389 3.49348
484 -4.02187 3.47253
485 -2.85491 3.39248
486 -3.59532 3.16889
487 -2.89316 3.45482
488 -3.08162 3.19566
489 -3.07626 3.58631
490 -2.85236 3.56194
491 -2.9652 3.34846
492 -3.22158 3.0774
493 -3.10546 3.31663
494 -3.2009 3.91444
495 -3.43127 3.18549
496 -3.36855 3.37436
497 -3.0545 4.05269
498 -3.55906 3.44203
499 -3.34886 3.54497
500 -3.22735 3.43533
501 -3.40873 3.1737
502 -3.36127 3.27385
503 -3.25358 3.53214
504 -3.57953 4.44771
505 -4.55534 4.47105
506 -3.5026 3.85464
507 -3.10004 3.68958
508 -3.51016 3.75668
509 -3.20765 3.64748
510 -3.72327 3.84076
511 -3.13624 3.95795
512 -3.10635 3.80198
513 -3.03548 3.7909
514 -3.28709 3.64858
515 -3.04364 3.79033
516 -3.27991 3.58721
517 -3.25357 3.84377
518 -3.07748 3.8863
519 -3.17957 3.87543
520 -3.10865 4.00871
521 -3.24127 4.37594
522 -2.67643 3.65209
523 -3.0945 3.77501
524 -2.89264 3.96874
525 -3.11181 3.56598
526 -3.16713 3.54029
527 -3.16693 3.95226
528 -3.03623 4.04233
529 -2.94404 3.74729
530 -3.29261 3.74879
531 -3.68648 4.0122
532 -3.50436 3.98008
533 -3.04465 3.64717
534 -3.06807 4.08426
535 -3.10496 4.03045
536 -3.3792 3.90806
537 -3.17855 3.49913
538 -3.45443 3.62861
539 -3.1818 4.01853
540 -4.39486 4.3761
541 -3.33137 4.07291
542 -3.5984 3.54497
543 -3.59997 3.49578
544 -3.2217 3.7428
545 -3.23084 3.63814
546 -3.18227 3.94673
547 -3.00809 3.62162
548 -3.10942 3.50293
549 -3.1264 3.69759
550 -2.94916 3.57042
551 -3.44712 3.46022
552 -3.10781 3.62306
553 -3.40493 3.67238
554 -3.33531 3.20668
555 -3.09266 3.47498
556 -3.03788 3.91445
557 -3.25494 3.9008
558 -3.08965 3.91278
559 -3.48509 3.94057
560 -3.0116 3.76289
561 -3.44503 3.51416
562 -3.08398 3.53404
563 -3.20855 3.80976
564 -3.47147 3.58381
565 -3.2097 3.50518
566 -3.6103 3.65232
567 -3.0436 3.48463
568 -3.10664 3.63379
569 -3.41929 3.79825
570 -3.30627 3.54138
571 -3.18079 3.86757
572 -3.29742 3.63165
573 -3.11126 3.63321
574 -3.23148 3.63346
575 -3.19208 3.84172
576 -4.2913 4.55566
577 -3.78291 4.03083
578 -3.24066 3.84983
579 -3.68273 3.71542
580 -2.84776 3.71012
581 -3.17006 3.57599
582 -3.17781 3.50014
583 -3.12776 3.68838
584 -2.89094 3.87552
585 -3.23768 3.77375
586 -2.76547 3.54632
587 -3.29187 3.84236
588 -2.88673 3.47053
589 -3.15772 3.72752
590 -3.27373 3.45785
591 -3.1804 3.51251
592 -3.39714 3.45553
593 -3.44516 3.45947
594 -2.91227 3.63319
595 -3.12332 3.64289
596 -3.17085 3.42523
597 -3.17674 3.58911
598 -3.00301 3.15299
599 -3.17755 3.44729
600 -3.08435 3.54098
601 -3.05983 3.34314
602 -3.23914 3.42923
603 -3.11872 3.86014
604 -3.04598 3.70406
605 -3.11734 3.56609
606 -3.22848 3.8144
607 -3.09492 3.61553
608 -3.14717 3.82116
609 -3.39128 3.76722
610 -3.03627 3.4446
611 -3.54942 3.82044
612 -3.68009 4.43664
613 -3.58423 4.01192
614 -3.53962 3.72772
615 -3.45435 3.42346
616 -3.46025 3.56409
617 -3.27326 3.38338
618 -3.08157 3.29218
619 -2.95595 3.78511
620 -2.90733 3.70072
621 -3.37923 3.87536
622 -3.18772 3.43427
623 -2.97961 3.73404
624 -3.21374 3.69738
625 -2.99015 3.46815
626 -3.17153 3.49294
627 -3.17927 3.35222
628 -3.17712 3.57158
629 -3.23309 3.85644
630 -3.15691 3.77133
631 -3.03261 3.70757
632 -3.07111 3.46838
633 -3.01955 3.38106
634 -3.19707 3.67341
635 -3.231 3.49565
636 -3.2436 3.74816
637 -2.94384 3.68593
638 -3.42231 3.68942
639 -3.27304 3.46977
640 -2.82288 3.66327
641 -3.06929 3.5434
642 -3.07387 3.60841
643 -3.01677 3.52512
644 -2.91077 3.37097
645 -3.32764 3.54904
646 -3.10065 3.63852
647 -3.41146 3.5804
648 -3.88282 4.56127
649 -3.7025 3.94378
650 -3.43569 3.98531
651 -3.49298 3.40498
652 -3.46118 3.44646
653 -3.12956 3.93493
654 -3.13351 3.65132
655 -2.90919 3.47067
656 -2.83721 3.66339
657 -2.99848 3.71298
658 -3.23191 3.23468
659 -3.07097 3.43276
660 -2.9723 3.74331
661 -3.09141 3.50511
662 -3.11057 3.27711
663 -3.32284 3.65539
664 -3.30227 3.62815
665 -3.10397 3.47916
666 -2.98293 3.89326
667 -2.66762 3.84762
668 -3.02734 3.18112
669 -3.12786 3.18448
670 -3.00736 3.56391
671 -3.17197 3.39197
672 -3.04807 3.44312
673 -3.22434 3.62235
674 -3.3008 3.42016
675 -2.98174 3.29847
676 -3.11028 3.81898
677 -3.24675 3.82239
678 -3.15084 3.4978
679 -3.02756 3.422
680 -3.02291 3.44772
681 -3.12034 3.73122
682 -3.38507 3.56751
683 -3.46762 3.66635
684 -3.86706 4.55986
685 -3.71704 3.9477
686 -3.36713 3.47104
687 -3.45477 3.55273
688 -3.37942 3.67751
689 -3.31134 3.93753
690 -3.47231 3.53894
691 -2.95271 3.60275
692 -2.93444 3.39734
693 -3.41216 3.68098
694 -3.32808 3.297
695 -3.08935 3.42883
696 -3.29778 3.36096
697 -2.97937 3.47096
698 -3.18464 3.61346
699 -2.94245 3.56924
700 -3.63317 3.30861
701 -2.89627 3.48023
702 -3.11908 3.2966
703 -3.38301 3.30089
704 -3.09341 3.10711
705 -3.17451 3.56708
706 -3.10031 3.16635
707 -3.05954 3.53663
708 -3.41969 3.56695
709 -3.59549 3.74897
710 -3.05226 3.40321
711 -3.1092 3.48209
712 -3.11125 3.67047
713 -3.0414 3.39166
714 -3.43086 3.8033
715 -3.00453 3.39956
716 -3.88541 3.18362
717 -3.50564 3.42537
718 -3.13024 3.55803
719 -3.20358 4.14823
720 -3.78063 4.51722
721 -3.60193 3.9229
722 -3.3451 3.58203
723 -3.61547 3.33947
724 -3.35152 3.71605
725 -3.68862 3.86329
726 -3.08619 3.70055
727 -3.13934 3.48861
728 -3.06597 3.81756
729 -3.21107 3.96847
730 -3.0777 3.6474
731 -3.35728 3.33184
732 -3.2369 3.77137
733 -2.97632 3.45358
734 -3.14619 3.49139
735 -3.14357 3.62986
736 -3.12617 3.66615
737 -3.35528 3.64557
738 -3.31959 3.89382
739 -3.05683 3.49217
740 -3.36346 4.04848
741 -3.35381 3.85162
742 -3.21815 3.73069
743 -3.19768 3.51851
744 -3.38847 3.37517
745 -3.22208 3.56634
746 -3.52892 3.87215
747 -3.23077 3.85256
748 -3.42595 3.9501
749 -3.12055 3.48073
750 -3.2026 3.52832
751 -3.12155 3.63231
752 -3.19694 3.28255
753 -3.43719 3.82348
754 -3.4427 3.51233
755 -3.5004 3.95359
756 -3.94266 4.52261
757 -5.31595 4.4173
758 -3.73862 3.62236
759 -3.45809 3.56066
760 -3.22042 3.58063
761 -3.52359 3.66643
762 -3.45045 3.91056
763 -3.24298 3.59972
764 -3.70231 3.66549
765 -3.71837 3.264
766 -3.20191 3.50136
767 -3.69978 3.62619
768 -3.1485 3.26323
769 -3.05949 3.6343
770 -3.20391 3.22631
771 -3.09919 3.42977
772 -3.34846 3.71204
773 -3.49713 3.49434
774 -3.38679 3.84579
775 -3.11648 3.2616
776 -3.17294 3.46943
777 -3.05176 3.36801
778 -3.2636 4.08164
779 -3.34963 3.68924
780 -3.24334 3.29453
781 -3.15976 3.28805
782 -3.52737 3.29628
783 -3.42583 3.39548
784 -3.10925 3.25827
785 -3.41966 3.13492
786 -3.28047 3.47304
787 -3.27693 3.74482
788 -3.39615 3.78781
789 -3.44004 3.59985
790 -3.25045 3.40358
791 -3.53306 3.75557
792 -3.94951 5.16791
793 -3.98941 4.40747
794 -3.67613 3.27132
795 -3.1454 3.57169
796 -3.36776 3.49168
797 -3.49814 3.62773
798 -3.36571 3.25089
799 -3.21884 3.29567
800 -3.25315 3.46259
801 -3.71522 3.72598
802 -3.2422 3.14593
803 -3.22331 3.28495
804 -3.14723 3.45667
805 -3.03455 3.23477
806 -3.07011 3.35048
807 -3.26564 3.51399
808 -3.50004 3.93791
809 -3.35912 3.40173
810 -3.5607 3.35905
811 -2.96858 3.68791
812 -3.26796 3.29914
813 -3.70136 3.56062
814 -3.33332 3.51199
815 -3.21374 3.2136
816 -3.08411 3.59261
817 -3.11904 3.38482
818 -3.13001 3.42097
819 -3.36236 3.32132
820 -3.01758 3.39226
821 -3.38969 3.44928
822 -3.18741 3.42441
823 -3.39077 3.61329
824 -3.36814 3.57427
825 -3.58251 3.37902
826 -3.43775 3.49613
827 -3.22349 3.7
828 -3.97961 5.08246
829 -5.12668 4.37872
830 -3.78804 3.50902
831 -3.31112 4.32039
832 -3.23175 3.56513
833 -3.46757 3.50651
834 -3.36938 3.29671
835 -3.36258 3.51293
836 -3.872 3.40593
837 -3.30082 3.33737
838 -2.99553 3.35314
839 -3.2991 3.27935
840 -3.06418 3.36543
841 -3.05168 3.49596
842 -3.02013 3.36325
843 -3.17684 3.29673
844 -3.18751 3.74338
845 -3.14439 3.81888
846 -3.57992 3.56726
847 -3.73885 3.17555
848 -3.33513 3.16164
849 -3.05365 3.60007
850 -3.52436 3.37351
851 -3.25727 3.45234
852 -3.30189 3.63079
853 -3.15508 3.91921
854 -3.71087 3.70254
855 -3.24345 3.23512
856 -3.06456 3.70415
857 -3.64984 3.66159
858 -3.35268 3.5812
859 -3.53242 3.2384
860 -3.1252 3.3108
861 -3.40003 3.35663
862 -3.41877 3.68694
863 -3.4129 3.70011
864 -3.95149 5.30655
865 -3.62553 4.51826
866 -3.69613 3.29303
867 -3.41362 3.44339
868 -3.04315 3.47169
869 -2.99381 3.49206
870 -3.15612 3.42128
871 -3.28999 3.28825
872 -3.54137 3.21175
873 -3.25403 3.0361
874 -3.01227 3.13647
875 -3.08687 3.51737
876 -3.23684 3.55032
877 -3.18017 3.23075
878 -3.11381 3.54977
879 -3.25283 3.39257
880 -3.16533 3.48625
881 -3.30142 3.28302
882 -3.26309 3.09146
883 -3.13716 3.42471
884 -2.98684 3.19376
885 -3.13444 3.61205
886 -3.07379 3.70039
887 -3.42746 3.35296
888 -3.42224 3.5241
889 -2.93624 3.06933
890 -2.86255 3.41844
891 -3.38401 3.31865
892 -3.01371 3.49629
893 -3.20285 3.42891
894 -3.28088 3.68025
895 -3.07398 3.31042
896 -3.01028 3.69844
897 -3.49613 3.44946
898 -3.34522 3.46761
899 -3.54802 3.64038
900 -3.81045 4.9263
901 -4.05754 4.79903
902 -3.3166 3.44386
903 -3.26875 3.60414
904 -3.33732 3.6253
905 -3.09043 3.58834
906 -3.40652 3.67641
907 -3.42283 3.54197
908 -3.09934 3.3854
909 -3.13804 3.28865
910 -3.09439 3.50339
911 -3.34324 3.65407
912 -3.90401 3.57544
913 -2.70423 3.37121
914 -3.29044 3.39026
915 -3.5517 3.49762
916 -3.1127 3.82797
917 -3.2351 3.4885
918 -3.42301 3.26605
919 -4.07944 3.54994
920 -3.1643 3.25274
921 -3.35331 3.73748
922 -3.23187 3.73889
923 -3.52312 3.36106
924 -3.17107 3.29977
925 -3.15142 3.40157
926 -3.33913 3.23878
927 -3.30735 3.43661
928 -2.98689 4.06117
929 -3.27943 3.51876
930 -3.26512 3.24986
931 -3.41841 3.68978
932 -3.14792 3.53456
933 -3.41883 3.37435
934 -3.12033 3.36947
935 -3.66872 3.64075
936 -4.14248 4.83609
937 -3.47526 4.31278
938 -3.36683 3.54086
939 -3.23481 3.4521
940 -3.25896 3.30173
941 -3.27796 3.46307
942 -3.1707 3.44649
943 -3.29579 3.42394
944 -3.66382 3.37991
945 -3.06077 3.33381
946 -2.83364 3.76772
947 -3.187 3.52803
948 -3.10622 3.37469
949 -3.03823 3.58017
950 -3.11973 3.49811
951 -3.03698 3.19336
952 -3.01372 3.56211
953 -3.26448 3.69988
954 -3.63299 3.42008
955 -3.94798 3.40284
956 -3.29047 3.12625
957 -3.1523 3.90269
958 -3.31677 3.2586
959 -3.28525 3.37042
960 -3.13401 3.77574
961 -3.12109 3.44605
962 -3.50524 3.435
963 -3.49748 3.44932
964 -3.27957 3.49157
965 -3.49377 3.65453
966 -3.26011 3.36551
967 -3.08286 3.2389
968 -2.99208 3.42488
969 -3.43185 3.4136
970 -3.33271 3.18952
971 -3.72859 3.62151
972 -4.10926 4.88473
973 -4.42023 4.18792
974 -3.29742 3.65101
975 -3.7963 3.54356
976 -3.32127 3.38606
977 -3.29503 3.4608
978 -3.18424 3.25824
979 -2.90247 3.41571
980 -3.42259 3.29004
981 -3.25766 3.62409
982 -3.03146 3.55144
983 -3.3533 3.17833
984 -3.12219 3.77821
985 -3.33354 3.40239
986 -2.81523 3.53494
987 -3.10839 3.41635
988 -3.19186 3.24042
989 -3.2049 3.54827
990 -3.36827 3.2445
991 -3.1646 3.23042
992 -3.29007 3.25244
993 -3.16141 3.33088
994 -2.82854 3.48172
995 -2.7787 3.29975
996 -3.19543 3.55008
997 -3.10157 3.22747
998 -3.38573 3.36009
999 -3.03385 3.53694
1000 -3.14536 3.30549
1001 -3.3061 3.25886
1002 -3.26737 3.46221
1003 -3.05299 3.85116
1004 -3.28138 3.16452
1005 -3.1924 3.49786
1006 -3.31286 3.57831
1007 -3.48215 3.71392
1008 -3.6779 5.18381
1009 -3.88843 4.48529
1010 -3.37814 3.75903
1011 -3.37525 3.18447
1012 -3.86561 3.63032
1013 -3.25534 3.46624
1014 -3.22864 3.31424
1015 -3.10679 3.4942
1016 -3.47778 3.22797
1017 -3.33051 3.13826
1018 -2.88002 3.12578
1019 -3.3728 3.28709
1020 -2.8961 3.2362
1021 -2.97058 3.05566
1022 -3.25907 3.25001
1023 -2.82028 3.15352
1024 -3.13724 3.58
1025 -3.46572 3.37238
1026 -2.89373 3.51377
1027 -3.06792 3.33152
1028 -3.10095 3.50019
1029 -3.09385 3.86173
1030 -2.92633 3.21487
1031 -2.87541 3.20762
1032 -2.98588 3.11851
1033 -3.3402 3.46165
1034 -3.19348 3.66305
1035 -3.43224 3.16877
1036 -2.93608 3.57494
1037 -3.11354 3.26193
1038 -3.30474 3.51405
1039 -3.04585 3.22895
1040 -3.30451 3.44735
1041 -3.2828 3.52236
1042 -3.4089 3.29245
1043 -3.44427 3.61607
1044 -4.00434 5.06099
1045 -3.80685 4.3009
1046 -3.45685 3.51462
1047 -3.40883 3.67795
1048 -3.05403 3.22411
1049 -3.66426 3.48217
1050 -3.66517 3.58399
1051 -3.28558 3.56836
1052 -3.03272 3.31578
1053 -3.12563 3.18734
1054 -3.44435 3.28814
1055 -3.39237 3.29912
1056 -3.01609 3.14026
1057 -2.9102 3.55866
1058 -3.40287 3.26501
1059 -3.25768 3.15905
1060 -2.96197 3.69884
1061 -3.28457 3.81957
1062 -3.1223 3.65063
1063 -3.02833 3.54653
1064 -3.38335 3.5315
1065 -3.03333 3.69395
1066 -3.04702 3.48625
1067 -3.28392 3.47904
1068 -2.99363 3.19376
1069 -3.14642 3.62789
1070 -3.48178 3.25036
1071 -3.67689 3.39769
1072 -3.02347 3.35207
1073 -3.19947 3.67214
1074 -3.30071 3.82727
1075 -3.37919 3.62987
1076 -3.181 3.59979
1077 -3.4926 3.55661
1078 -3.23379 3.79969
1079 -3.2442 3.78878
1080 -4.00344 4.77832
1081 -4.01233 4.23111
1082 -3.09507 3.79838
1083 -3.43947 3.44278
1084 -3.10439 3.86715
1085 -3.1746 3.48795
1086 -3.46326 3.47911
1087 -2.96427 3.5459
1088 -3.7359 3.5748
1089 -3.22912 3.2455
1090 -3.17654 3.30365
1091 -3.19819 3.35897
1092 -3.31122 3.60378
1093 -2.8933 3.896
1094 -3.08848 3.61304
1095 -3.06374 3.32813
1096 -3.10039 4.01754
1097 -3.37092 3.61661
1098 -3.39036 3.31309
1099 -3.95781 3.34765
1100 -3.19743 3.20536
1101 -3.33807 3.94587
1102 -3.14197 3.4416
1103 -3.22953 3.63126
1104 -3.20631 3.33474
1105 -3.43549 3.58025
1106 -3.19362 3.34195
1107 -3.25777 3.49984
1108 -3.08297 3.40419
1109 -3.38239 3.66351
1110 -3.2036 3.41908
1111 -3.35978 3.28091
1112 -3.45579 3.58679
1113 -3.30808 3.58655
1114 -3.5347 3.38845
1115 -3.41797 3.49244
1116 -4.19136 4.59162
1117 -3.83955 4.09759
1118 -3.64226 3.65811
1119 -3.23935 3.95756
1120 -3.14503 3.89898
1121 -3.33918 3.47862
1122 -3.21564 3.40378
1123 -3.31043 3.29314
1124 -3.18989 3.30703
1125 -3.19591 3.39592
1126 -2.92611 3.0348
1127 -3.36567 3.48769
1128 -3.56754 3.75015
1129 -3.22855 3.54452
1130 -2.90389 3.5441
1131 -3.02748 3.74918
1132 -3.49214 3.75439
1133 -2.90693 3.84685
1134 -2.95188 3.49706
1135 -3.16301 3.47753
1136 -2.99374 3.36315
1137 -3.13643 4.01841
1138 -3.06251 3.52688
1139 -3.30695 3.45323
1140 -3.08372 3.34028
1141 -3.15342 3.68992
1142 -3.27466 3.44399
1143 -3.30549 3.77167
1144 -2.95346 3.58284
1145 -3.49287 3.66752
1146 -3.20975 3.36407
1147 -3.13885 3.37898
1148 -3.17938 3.34513
1149 -3.20135 3.29026
1150 -3.0418 3.40028
1151 -3.38762 3.5318
1152 -3.75304 4.82001
1153 -3.70745 4.36243
1154 -3.34151 3.71645
1155 -3.70473 3.55666
1156 -3.46663 3.65502
1157 -3.15214 3.66396
1158 -3.16018 3.45582
1159 -3.1677 3.5166
1160 -3.17396 3.42384
1161 -3.41197 3.34785
1162 -3.18998 3.35611
1163 -3.20026 3.41867
1164 -3.5754 3.63558
1165 -2.83025 3.50131
1166 -2.97768 3.61697
1167 -3.28553 3.25948
1168 -3.02326 3.49753
1169 -3.50181 3.85168
1170 -3.46259 3.5306
1171 -3.64237 3.47177
1172 -3.72115 3.16233
1173 -3.49301 3.94165
1174 -3.2845 3.23799
1175 -3.43375 3.50848
1176 -3.20686 3.23464
1177 -3.42188 3.89096
1178 -3.3289 3.29215
1179 -3.38129 3.72096
1180 -3.27056 4.05697
1181 -3.56945 3.51324
1182 -3.29685 3.40845
1183 -3.26951 3.51629
1184 -3.2985 3.51439
1185 -3.17813 3.36589
1186 -3.17646 3.19872
1187 -3.63954 3.87396
1188 -4.12961 4.91079
1189 -3.5863 4.31035
1190 -3.33512 3.56496
1191 -3.57214 3.38462
1192 -3.55216 3.2797
1193 -3.22206 3.47616
1194 -3.0989 3.45974
1195 -3.10008 3.42783
1196 -3.59151 3.27103
1197 -3.16252 3.29988
1198 -3.01476 3.65039
1199 -2.96694 3.33749
1200 -3.26622 3.59381
1201 -3.06064 3.36523
1202 -2.87981 3.51794
1203 -3.40774 3.32355
1204 -3.08846 3.28906
1205 -3.40649 3.90864
1206 -3.25851 3.62433
1207 -3.22143 3.37733
1208 -3.44521 3.26492
1209 -3.32164 3.85895
1210 -3.24668 3.29979
1211 -3.35856 3.44005
1212 -3.16592 3.23841
1213 -3.12603 3.88598
1214 -3.51589 3.37156
1215 -3.52205 3.51943
1216 -3.2923 3.85951
1217 -3.23848 3.53481
1218 -3.2407 3.26424
1219 -3.25515 3.36203
1220 -3.18741 3.60075
1221 -3.19836 3.5293
1222 -3.58993 3.16981
1223 -3.61655 3.92439
1224 -4.26682 4.90704
1225 -3.66259 4.3143
1226 -3.17622 3.35677
1227 -3.05845 3.54906
1228 -3.39458 3.27549
1229 -3.17722 3.30954
1230 -3.22018 3.29704
1231 -3.13905 3.90273
1232 -3.20728 3.12822
1233 -3.09952 3.27445
1234 -3.10861 3.12693
1235 -3.8431 3.39966
1236 -3.10254 3.25105
1237 -2.96243 3.1943
1238 -2.87785 3.6846
1239 -3.32578 3.38758
1240 -3.24494 3.33617
1241 -3.27117 3.5837
1242 -3.0171 3.43306
1243 -3.29374 3.54645
1244 -3.05814 3.04127
1245 -3.22034 3.79729
1246 -3.01715 3.17572
1247 -3.11582 3.30178
1248 -3.18579 3.54261
1249 -3.13823 3.62894
1250 -3.46973 3.22135
1251 -3.41963 3.20285
1252 -3.28466 3.36478
1253 -3.26283 3.22635
1254 -3.17263 3.40472
1255 -3.05376 3.51426
1256 -3.22938 3.45847
1257 -3.15252 3.3492
1258 -3.41811 3.16597
1259 -3.61473 3.94881
1260 -3.79756 4.89781
1261 -4.66564 4.20191
1262 -3.41422 3.57559
1263 -3.04458 3.12899
1264 -3.27345 3.48381
1265 -3.02752 3.66374
1266 -3.27172 3.26732
1267 -3.14068 3.31809
1268 -3.12596 3.08879
1269 -3.28821 3.42718
1270 -3.23471 3.01673
1271 -3.05139 3.73057
1272 -3.18941 3.44362
1273 -2.99354 3.42357
1274 -3.0833 3.80332
1275 -3.06947 3.38928
1276 -3.63382 3.62323
1277 -3.15299 3.77672
1278 -2.91523 3.83298
1279 -3.09364 3.28567
1280 -3.02625 3.50497
1281 -3.25026 3.30256
1282 -3.1649 3.59939
1283 -3.1991 3.46122
1284 -2.886 3.53316
1285 -3.11744 3.42919
1286 -3.40847 3.32614
1287 -3.53902 3.4007
1288 -3.43035 3.79053
1289 -3.03184 3.40688
1290 -3.20448 3.40202
1291 -3.04946 3.87639
1292 -3.35621 3.36336
1293 -3.04432 3.38167
1294 -3.20554 3.46657
1295 -3.3625 3.64522
1296 -4.03829 4.95021
1297 -3.96077 4.4381
1298 -3.20735 3.6125
1299 -2.93601 3.62052
1300 -3.20808 3.55428
1301 -3.71114 3.26868
1302 -3.33892 3.54101
1303 -3.30305 3.44652
1304 -3.35461 3.34873
1305 -3.11199 3.19853
1306 -3.41097 3.12926
1307 -3.07001 3.49378
1308 -3.58724 3.75614
1309 -2.92959 3.26844
1310 -3.10779 3.38049
1311 -3.32334 3.19784
1312 -3.3159 3.3736
1313 -2.97695 3.63555
1314 -3.67911 3.64553
1315 -3.05141 3.45587
1316 -3.249 3.0838
1317 -3.02211 3.25954
1318 -3.20751 3.17957
1319 -3.04827 3.30082
1320 -3.37355 3.19815
1321 -3.06765 3.26249
1322 -3.50896 3.4803
1323 -3.74749 3.29009
1324 -3.12433 3.25009
1325 -3.2505 3.3697
1326 -3.2292 3.43042
1327 -3.22076 3.38159
1328 -3.17594 3.24547
1329 -3.17367 3.29439
1330 -3.38683 3.28401
1331 -3.64697 3.53676
1332 -3.8195 4.80028
1333 -4.68949 5.03381
1334 -3.23093 3.63438
1335 -2.93342 3.32254
1336 -3.05715 3.86876
1337 -3.75009 3.20949
1338 -3.09478 3.32535
1339 -3.02209 3.15584
1340 -3.31885 3.08709
1341 -3.07155 3.25293
1342 -2.92844 3.16498
1343 -2.88344 3.06695
1344 -3.56805 3.24489
1345 -3.00149 3.24214
1346 -3.46885 3.34816
1347 -2.92872 3.28583
1348 -3.33856 3.10186
1349 -3.33383 3.65848
1350 -3.03373 3.1857
1351 -2.93513 3.28564
1352 -3.03286 3.10944
1353 -2.94129 3.2938
1354 -3.15666 3.22543
1355 -3.0674 3.28541
1356 -2.90787 2.9631
1357 -3.24266 3.3981
1358 -3.45522 3.39525
1359 -3.064 3.12885
1360 -3.10974 3.279
1361 -3.01163 3.39479
1362 -3.21651 3.5794
1363 -3.00025 3.12291
1364 -3.16211 2.97612
1365 -3.14219 3.28503
1366 -3.59733 3.29402
1367 -3.68896 3.6306
1368 -3.71285 4.77509
1369 -4.519 4.34332
1370 -3.17282 3.74494
1371 -3.29247 3.84875
1372 -3.26674 3.96535
1373 -3.47131 3.51356
1374 -3.3616 3.91846
1375 -3.64552 3.70811
1376 -3.12427 3.65142
1377 -3.43216 3.35141
1378 -3.33138 3.67756
1379 -3.72684 3.82627
1380 -3.34022 3.48008
1381 -3.09015 3.29107
1382 -3.52167 3.72421
1383 -3.0812 3.56749
1384 -3.20378 4.11395
1385 -3.30496 3.80266
1386 -3.00514 3.70789
1387 -3.55258 3.98593
1388 -3.46815 3.59746
1389 -3.2528 3.49674
1390 -3.20768 3.63334
1391 -3.271 3.76729
1392 -3.55627 3.76181
1393 -3.42623 3.60165
1394 -3.22954 3.69911
1395 -3.5239 3.9243
1396 -3.43628 3.69999
1397 -3.37247 3.84308
1398 -3.22914 3.45281
1399 -3.15669 3.82701
1400 -3.18421 3.73959
1401 -3.48978 3.47291
1402 -3.48422 3.73481
1403 -3.59927 3.46833
1404 -3.961 4.49831
1405 -4.24804 4.40308
1406 -3.15881 3.20646
1407 -3.20367 3.44142
1408 -3.33634 3.54636
1409 -3.66315 3.13174
1410 -2.88696 3.13112
1411 -3.13512 3.38425
1412 -3.04891 3.17788
1413 -3.21186 3.15355
1414 -3.24919 2.94408
1415 -2.93874 3.05095
1416 -2.94313 3.05564
1417 -3.3207 2.95597
1418 -3.00259 3.10572
1419 -3.412 2.96594
1420 -3.34457 3.01593
1421 -2.99443 3.31298
1422 -2.97403 3.58654
1423 -2.83163 3.48905
1424 -3.08598 2.94279
1425 -3.41977 3.75904
1426 -2.96752 2.99912
1427 -3.38888 3.03896
1428 -3.1554 3.19041
1429 -3.04748 3.15572
1430 -3.34289 3.15382
1431 -3.19555 3.36855
1432 -2.9316 3.48814
1433 -3.0151 3.08716
1434 -3.57627 3.22859
1435 -3.21253 3.39607
1436 -3.29426 2.96334
1437 -3.24289 3.34522
1438 -3.16775 3.34307
1439 -3.34026 3.33475
1440 -4.45182 4.35548
1441 -4.11653 4.33083
1442 -3.51753 3.95066
1443 -3.43114 3.90843
1444 -3.4804 3.86176
1445 -3.85251 3.93336
1446 -3.32319 4.04572
1447 -3.10508 3.82478
1448 -3.05911 3.79758
1449 -3.47487 3.66344
1450 -3.14922 4.37807
1451 -3.18641 3.8803
1452 -3.3412 3.98438
1453 -3.08916 3.89766
1454 -3.05136 3.81667
1455 -3.43162 4.31708
1456 -3.6308 3.74841
1457 -3.74066 3.82571
1458 -3.76927 3.71882
1459 -3.48116 3.96946
1460 -3.29721 3.52505
1461 -3.18888 3.67053
1462 -3.3037 4.07268
1463 -3.01168 3.70022
1464 -3.42862 3.95292
1465 -3.62991 3.76961
1466 -3.11769 3.8254
1467 -3.66807 3.84284
1468 -3.39087 3.8912
1469 -3.00688 3.93034
1470 -3.18384 4.10414
1471 -3.39752 4.14809
1472 -3.34112 3.88297
1473 -3.39974 4.17092
1474 -3.49009 3.62172
1475 -3.09306 3.93128
1476 -4.04046 4.65752
1477 -4.5915 3.75115
1478 -3.57128 3.42828
1479 -3.24027 3.43903
1480 -2.95394 3.21477
1481 -3.62846 3.14065
1482 -3.16679 3.34701
1483 -3.76291 3.22635
1484 -3.03336 3.40643
1485 -3.01748 3.07372
1486 -3.53086 3.22516
1487 -3.26694 3.15909
1488 -3.13064 3.07564
1489 -2.84322 3.76724
1490 -3.07178 3.2788
1491 -2.93278 3.70449
1492 -2.87544 3.29352
1493 -3.04851 3.3199
1494 -3.08285 3.15334
1495 -2.96238 3.28747
1496 -3.21786 3.21173
1497 -3.06679 3.23099
1498 -3.03751 3.29719
1499 -2.98507 3.42746
1500 -2.82883 3.29052
1501 -2.9739 3.36131
1502 -3.40595 3.15438
1503 -3.79996 3.18446
1504 -3.77947 3.00995
1505 -3.01947 3.4459
1506 -3.17984 3.1379
1507 -3.36285 3.5432
1508 -3.45689 3.65346
1509 -3.37476 3.33043
1510 -3.63671 3.61703
1511 -3.30213 3.45592
1512 -4.7404 4.33157
1513 -4.00664 4.27616
1514 -3.59787 4.0313
1515 -3.54306 4.07657
1516 -3.775 3.94513
1517 -3.51688 4.03588
1518 -3.75996 4.06784
1519 -3.57009 3.72197
1520 -3.39981 4.24984
1521 -3.29608 4.14811
1522 -3.30344 3.84801
1523 -3.3681 3.82261
1524 -3.4459 3.57069
1525 -3.54088 3.87749
1526 -3.6431 3.87618
1527 -3.2621 4.07858
1528 -3.4703 3.85168
1529 -3.509 3.81823
1530 -3.19131 4.09932
1531 -3.30247 3.84501
1532 -3.20494 3.99007
1533 -3.2921 3.94638
1534 -3.28963 3.86622
1535 -3.5631 3.94623
1536 -3.30115 3.92089
1537 -3.49445 3.92164
1538 -3.40857 4.04611
1539 -3.86972 4.14352
1540 -3.66539 4.35663
1541 -3.35755 4.04124
1542 -3.64087 4.24801
1543 -3.70197 4.12583
1544 -3.62948 4.28576
1545 -3.40326 4.24041
1546 -3.64425 4.04256
1547 -3.80468 4.24235
1548 -4.68188 4.69006
1549 -4.2925 3.9609
1550 -3.10587 3.44356
1551 -3.14147 3.01449
1552 -3.48694 3.07204
1553 -3.0181 3.16605
1554 -2.88574 3.37749
1555 -3.2838 2.85993
1556 -2.81992 2.91073
1557 -3.05594 3.20501
1558 -3.06606 3.25439
1559 -3.49143 2.7981
1560 -3.06354 2.93023
1561 -3.71891 3.38356
1562 -2.87104 2.82037
1563 -3.33566 3.07222
1564 -2.9495 3.23144
1565 -2.94712 2.99275
1566 -2.99197 2.93611
1567 -3.04828 2.93261
1568 -2.99626 3.15859
1569 -3.25247 3.25126
1570 -2.90082 3.19606
1571 -3.02931 2.88862
1572 -3.14238 2.88292
1573 -2.9463 3.06759
1574 -3.29616 3.50352
1575 -3.16521 3.36741
1576 -3.03708 3.01835
1577 -3.08681 2.94292
1578 -3.2709 2.844
1579 -3.21078 2.8366
1580 -3.01727 3.29305
1581 -3.1814 3.26289
1582 -3.40917 3.20689
1583 -3.21835 3.54044
1584 -3.83535 4.73989
1585 -3.65438 4.37277
1586 -3.29448 4.03975
1587 -3.84748 3.82992
1588 -3.24274 3.92778
1589 -3.22855 3.64926
1590 -3.30509 3.89044
1591 -3.32786 4.12202
1592 -3.26088 3.98621
1593 -3.12454 3.96403
1594 -3.53973 3.75119
1595 -3.36701 3.86477
1596 -3.18933 4.02083
1597 -3.19532 3.80658
1598 -3.52286 3.99537
1599 -3.26199 3.83671
1600 -3.21982 4.23674
1601 -3.20314 4.04997
1602 -2.84805 3.76856
1603 -3.3818 3.76865
1604 -3.10803 4.15072
1605 -3.0094 3.89936
1606 -2.98216 3.94043
1607 -2.87015 4.08843
1608 -3.37361 4.02745
1609 -3.32571 4.25855
1610 -3.07428 4.10486
1611 -3.38109 4.24843
1612 -3.12457 4.02531
1613 -3.30294 3.76381
1614 -3.25632 3.88133
1615 -3.49472 3.69851
1616 -3.17414 3.89967
1617 -3.39523 3.81791
1618 -3.2614 3.95487
1619 -3.36929 3.90533
1620 -4.17927 4.33038
1621 -4.63749 3.9909
1622 -3.29635 3.28181
1623 -3.37186 3.29324
1624 -3.29354 3.59464
1625 -3.6299 3.20593
1626 -2.96251 3.25277
1627 -3.0909 3.87351
1628 -3.14294 3.18211
1629 -3.16097 3.42283
1630 -3.04759 3.13515
1631 -3.11372 3.41607
1632 -2.88632 3.59872
1633 -3.10861 3.56028
1634 -2.75994 2.9019
1635 -3.40561 3.21479
1636 -2.7914 3.2484
1637 -3.00369 3.24814
1638 -3.17416 3.8979
1639 -2.83863 3.07507
1640 -2.86915 3.2215
1641 -2.88687 3.30587
1642 -3.1189 3.19993
1643 -2.86865 3.52543
1644 -2.91989 3.28248
1645 -3.21135 3.29972
1646 -3.02229 3.03825
1647 -2.98781 3.47831
1648 -3.17422 3.35595
1649 -2.79772 3.43905
1650 -3.60432 3.25869
1651 -3.05456 3.44418
1652 -2.86729 3.38444
1653 -3.27595 3.5116
1654 -3.65607 4.23435
1655 -3.10835 3.34888
1656 -4.01567 4.52339
1657 -3.65269 4.57742
1658 -3.49869 4.20009
1659 -3.20371 3.99619
1660 -3.42707 3.8471
1661 -3.06872 4.35666
1662 -3.10945 4.1028
1663 -3.01148 3.89351
1664 -3.12584 3.91667
1665 -2.82504 4.07682
1666 -2.85292 4.21531
1667 -3.01774 4.22967
1668 -2.8591 3.99055
1669 -2.83534 4.12929
1670 -2.94836 4.0733
1671 -3.43859 4.0104
1672 -2.8215 4.12738
1673 -3.12209 4.00452
1674 -3.03814 4.18727
1675 -2.83516 4.38242
1676 -3.26452 3.9244
1677 -3.06272 4.06641
1678 -3.31248 4.04897
1679 -2.80906 4.25477
1680 -2.87278 4.00762
1681 -3.12413 4.0604
1682 -2.8119 4.37097
1683 -2.98598 4.18669
1684 -2.95326 4.16089
1685 -3.30658 4.18179
1686 -3.32108 4.3502
1687 -3.17532 4.13393
1688 -2.90828 4.10557
1689 -3.23024 4.2639
1690 -3.18429 4.01971
1691 -3.07034 4.28035
1692 -4.04572 4.72937
1693 -3.82615 4.11012
1694 -3.06895 3.76811
1695 -3.23907 4.1063
1696 -3.23802 4.22394
1697 -3.40126 3.98848
1698 -2.96622 3.89672
1699 -3.32732 3.96244
1700 -2.86199 3.92394
1701 -2.96908 4.04467
1702 -2.91324 3.70508
1703 -3.2511 4.01032
1704 -3.1202 4.03564
1705 -3.00787 4.05627
1706 -3.32635 4.24026
1707 -3.21944 3.74663
1708 -3.15207 4.10463
1709 -2.93803 3.96876
1710 -3.12574 3.94386
1711 -3.0744 4.02791
1712 -3.06589 3.8445
1713 -3.09923 4.11012
1714 -2.83493 3.89413
1715 -3.34574 3.99254
1716 -2.89055 3.78145
1717 -3.06332 3.94853
1718 -3.19357 3.95936
1719 -2.99021 3.92006
1720 -3.06237 3.84264
1721 -3.09353 3.7732
1722 -3.25383 4.12884
1723 -3.12439 4.02162
1724 -3.17228 3.86921
1725 -3.21291 4.10125
1726 -2.96082 3.89083
1727 -3.31572 4.23271
1728 -3.92569 4.33714
1729 -3.36319 4.44154
1730 -3.21158 3.55722
1731 -3.24033 3.36866
1732 -2.90755 3.80371
1733 -3.23526 3.65817
1734 -3.31917 3.72644
1735 -3.31906 3.73656
1736 -2.99601 3.79472
1737 -3.2682 3.76383
1738 -3.07251 3.69671
1739 -3.00165 3.75552
1740 -3.00011 3.58426
1741 -2.94038 3.81392
1742 -3.39357 3.90884
1743 -3.12024 3.54491
1744 -3.44205 3.82012
1745 -3.04337 3.83322
1746 -3.06743 3.64725
1747 -3.05294 3.73996
1748 -3.17759 3.3641
1749 -3.29567 3.55713
1750 -2.93801 4.1708
1751 -2.88566 3.90307
1752 -2.92676 3.70162
1753 -3.50652 3.92883
1754 -3.33647 3.69507
1755 -3.022 3.70891
1756 -2.9094 3.57599
1757 -2.85032 3.84264
1758 -3.2174 3.72072
1759 -2.98311 3.81431
1760 -3.13207 3.66873
1761 -2.89669 3.78442
1762 -3.13224 3.73777
1763 -3.38773 3.74623
1764 -4.15495 4.33822
1765 -3.66418 4.13024
1766 -3.40367 4.19533
1767 -3.18451 3.70257
1768 -3.11466 3.47577
1769 -3.43917 3.55512
1770 -2.88542 4.0394
1771 -3.59961 3.68846
1772 -2.69767 3.85242
1773 -3.03842 3.69154
1774 -2.97022 3.51272
1775 -3.105 3.76994
1776 -3.03745 3.75086
1777 -3.37617 3.55057
1778 -3.12672 3.75794
1779 -3.28519 3.46105
1780 -3.10661 3.42753
1781 -2.99208 4.04986
1782 -2.85379 3.87055
1783 -3.25848 3.60544
1784 -3.2844 3.76938
1785 -2.93425 3.29021
1786 -3.04153 3.90081
1787 -3.23836 3.66042
1788 -3.34354 3.49964
1789 -2.84781 3.72795
1790 -3.44793 3.87434
1791 -3.01695 3.65902
1792 -2.97989 3.66301
1793 -3.28799 3.91116
1794 -3.21188 3.80368
1795 -2.91848 4.05245
1796 -3.66384 3.92174
1797 -4.01712 4.13969
1798 -3.29867 3.90222
1799 -3.10341 3.83157
1800 -4.55506 4.39651
1801 -3.55296 4.1212
1802 -3.53115 3.9045
1803 -3.4802 3.54224
1804 -3.31067 3.64831
1805 -3.19193 3.84961
1806 -3.13724 3.60166
1807 -3.16403 3.80733
1808 -2.92861 3.48045
1809 -3.17858 3.95633
1810 -3.21322 3.78932
1811 -3.09007 3.49452
1812 -3.10351 3.87252
1813 -3.20719 3.55921
1814 -2.96695 3.72702
1815 -3.15509 3.66971
1816 -3.63846 3.54803
1817 -3.08156 4.08596
1818 -2.80986 3.93764
1819 -3.15731 3.8
1820 -2.77535 3.5528
1821 -3.10189 3.80673
1822 -3.10506 3.72933
1823 -2.96427 3.52412
1824 -3.17328 3.67838
1825 -2.98294 3.88137
1826 -3.22975 4.16123
1827 -3.23756 3.69587
1828 -2.909 3.47319
1829 -3.19996 3.84632
1830 -3.16429 3.76034
1831 -3.10967 3.55494
1832 -2.92603 3.70737
1833 -3.03545 3.62956
1834 -3.25195 3.90845
1835 -3.30914 3.82584
1836 -4.08672 4.38682
1837 -3.59269 4.08597
1838 -3.38389 3.66054
1839 -2.93313 3.50573
1840 -2.90701 3.49191
1841 -3.00816 3.84821
1842 -2.84893 3.27935
1843 -3.04641 3.72008
1844 -3.0992 3.50579
1845 -3.11915 3.65281
1846 -2.98928 3.33993
1847 -3.00135 3.3369
1848 -2.90586 3.3599
1849 -2.86579 3.61158
1850 -3.08572 3.59854
1851 -2.97585 3.47717
1852 -3.30692 3.43863
1853 -3.25976 3.34418
1854 -2.88778 3.80249
1855 -2.99995 3.46281
1856 -3.00164 3.46617
1857 -3.25742 3.17734
1858 -3.11047 3.45751
1859 -2.94239 3.50675
1860 -3.0789 3.75376
1861 -3.04296 3.19354
1862 -3.13976 3.60504
1863 -3.08942 3.35552
1864 -2.87244 3.51396
1865 -2.9011 3.67434
1866 -3.21519 3.35947
1867 -3.03269 3.44141
1868 -3.02238 3.56567
1869 -3.07094 3.57947
1870 -3.4339 3.39896
1871 -3.11123 3.7977
1872 -3.84718 4.34236
1873 -3.53078 4.10841
1874 -3.65725 3.6645
1875 -3.2918 3.93013
1876 -3.11744 3.48028
1877 -3.24064 4.39736
1878 -2.91609 3.57576
1879 -3.20943 3.85349
1880 -3.00579 3.51764
1881 -3.07081 3.55689
1882 -3.03542 3.78516
1883 -3.04587 3.3372
1884 -2.93765 3.7826
1885 -3.48777 3.46188
1886 -3.45878 3.81748
1887 -3.10097 3.41749
1888 -3.33208 3.38134
1889 -3.2907 3.65941
1890 -3.02171 3.44344
1891 -2.93318 3.86163
1892 -3.12801 3.37714
1893 -2.92249 3.4185
1894 -3.21232 3.26119
1895 -3.49457 3.51929
1896 -2.98996 3.64128
1897 -2.97373 3.90194
1898 -3.36066 3.55232
1899 -3.12429 3.39307
1900 -2.99459 3.5191
1901 -3.111 3.74356
1902 -3.20831 3.7575
1903 -3.00192 3.72431
1904 -3.23688 3.49287
1905 -3.36011 3.79422
1906 -3.366 3.53656
1907 -3.28068 3.93864
1908 -4.75447 4.35601
1909 -4.52227 3.80403
1910 -2.98883 3.51766
1911 -3.11493 3.91163
1912 -2.85737 3.63936
1913 -3.11034 3.46257
1914 -3.17586 3.35355
1915 -3.30574 3.46101
1916 -3.09065 3.33917
1917 -2.98186 3.71055
1918 -3.034 3.59907
1919 -3.20988 3.38717
1920 -2.89966 4.07868
1921 -2.87928 3.85197
1922 -2.84498 3.42618
1923 -3.25229 3.26273
1924 -3.22134 3.52592
1925 -3.31978 3.55805
1926 -3.10143 3.63774
1927 -2.95447 3.69265
1928 -3.05193 3.7423
1929 -3.46949 3.35394
1930 -3.10957 3.30892
1931 -2.95437 3.47138
1932 -3.19236 4.12203
1933 -3.22864 3.48313
1934 -3.01592 3.42569
1935 -3.00961 3.7489
1936 -3.09953 3.61028
1937 -2.88022 3.80912
1938 -3.19327 3.78657
1939 -3.2485 3.32415
1940 -3.16744 3.75552
1941 -3.2096 3.70086
1942 -3.26722 3.58533
1943 -3.77016 3.49825
1944 -4.17843 4.42394
1945 -3.47173 4.18608
1946 -3.24581 3.52287
1947 -2.99227 3.87362
1948 -2.90913 3.59751
1949 -2.85059 3.76317
1950 -2.78507 3.32797
1951 -3.07828 3.50425
1952 -2.79613 3.36128
1953 -2.86433 3.82471
1954 -3.06925 3.67468
1955 -2.98579 3.72834
1956 -2.87484 3.67337
1957 -2.85689 3.44016
1958 -3.05084 3.2676
1959 -3.02496 3.57171
1960 -3.31768 3.38309
1961 -3.29842 3.91479
1962 -2.99561 3.4876
1963 -2.758 3.68966
1964 -3.13728 3.59305
1965 -2.68394 3.72793
1966 -2.80768 3.48494
1967 -2.81671 3.45823
1968 -2.90944 3.65401
1969 -3.18616 3.31965
1970 -2.95154 3.48999
1971 -3.01562 3.94795
1972 -3.11584 3.51847
1973 -3.02982 3.54661
1974 -3.21081 3.76158
1975 -3.27183 3.63511
1976 -3.1089 3.47477
1977 -2.98479 3.92821
1978 -3.46583 3.43308
1979 -3.26488 3.64526
1980 -4.08335 4.2907
1981 -3.59241 4.28056
1982 -3.2695 4.12076
1983 -3.059 4.03387
1984 -3.37847 4.20627
1985 -2.96657 4.15399
1986 -2.88567 4.16194
1987 -2.89186 4.01283
1988 -2.7504 4.01355
1989 -2.99702 4.2144
1990 -2.89898 4.00528
1991 -2.94927 4.08616
1992 -2.71951 3.82299
1993 -2.80505 4.33334
1994 -2.95521 4.21439
1995 -3.24685 4.08435
1996 -2.93332 4.19861
1997 -3.02789 4.0812
1998 -2.75615 4.21474
1999 -2.9369 3.98507
2000 -2.94822 4.11349
2001 -3.05897 4.3803
2002 -2.7665 4.01302
2003 -2.75221 4.41732
2004 -2.97913 4.07853
2005 -2.90259 4.37314
2006 -3.17624 4.29221
2007 -2.96057 4.35426
2008 -3.02396 4.18461
2009 -3.30404 4.34999
2010 -3.25345 4.42121
2011 -2.82765 4.20504
2012 -3.01009 4.12944
2013 -2.96431 4.31
2014 -2.95196 4.27656
2015 -3.29122 4.09195
2016 -3.7716 4.57189
2017 -4.25659 4.41702
2018 -3.23895 3.84009
2019 -3.08513 3.82212
2020 -3.11772 3.999
2021 -2.93657 3.66256
2022 -2.96465 3.73204
2023 -2.91495 4.07424
2024 -2.95601 3.59469
2025 -2.81226 3.92551
2026 -3.40236 3.87941
2027 -3.19041 3.87787
2028 -2.89143 3.63983
2029 -2.89752 3.65786
2030 -3.01668 3.68596
2031 -3.05672 3.99241
2032 -3.50172 3.68398
2033 -2.80273 3.70152
2034 -2.87764 3.93798
2035 -2.93823 3.85021
2036 -3.55775 4.07627
2037 -3.31203 3.81291
2038 -2.84812 3.71113
2039 -2.68951 3.91064
2040 -2.9318 3.9402
2041 -2.84844 4.07416
2042 -3.15087 3.98254
2043 -3.03145 3.84747
2044 -3.23943 4.1852
2045 -2.92244 3.93181
2046 -3.24382 4.13023
2047 -2.82701 3.70296
2048 -2.77091 3.95292
2049 -2.97324 3.88556
2050 -3.07028 4.10192
2051 -3.94526 4.14589
2052 -3.77332 4.42909
2053 -3.49017 4.20052
2054 -3.50115 3.95504
2055 -3.01862 3.51695
2056 -3.37558 3.59676
2057 -2.92203 4.1109
2058 -2.88328 4.07435
2059 -3.11304 3.38552
2060 -2.98056 3.44092
2061 -2.90322 3.57406
2062 -3.00541 3.73094
2063 -2.69592 3.53783
2064 -2.62624 3.69246
2065 -3.09214 3.33277
2066 -3.11529 3.41368
2067 -3.27204 3.55584
2068 -3.03548 3.74052
2069 -3.07171 3.94073
2070 -2.92436 3.46949
2071 -2.8089 3.55262
2072 -3.13567 3.65113
2073 -2.85363 3.31762
2074 -3.04496 3.60814
2075 -2.97528 3.81605
2076 -2.94165 4.02261
2077 -2.91679 3.68733
2078 -3.31286 3.59233
2079 -2.98523 3.61266
2080 -2.92681 3.63334
2081 -3.08509 3.4838
2082 -3.22759 3.66464
2083 -3.28538 3.20403
2084 -2.80046 3.7382
2085 -3.07602 3.45217
2086 -3.13 3.62675
2087 -3.27622 3.56038
2088 -3.93924 4.29721
2089 -3.79187 4.15539
2090 -3.537 3.83205
2091 -3.14998 3.83924
2092 -2.98832 3.64856
2093 -2.97162 3.84798
2094 -3.00952 3.51204
2095 -3.21401 3.76878
2096 -3.16234 3.51311
2097 -3.10645 3.54239
2098 -2.83914 3.62778
2099 -3.05514 3.73762
2100 -2.78952 3.64184
2101 -2.93372 3.47742
2102 -2.90402 3.76341
2103 -2.99226 3.48457
2104 -3.27837 3.93369
2105 -3.22879 3.62053
2106 -2.84916 3.40297
2107 -3.14033 3.82339
2108 -3.04572 3.5156
2109 -2.71376 3.65431
2110 -2.84521 3.65485
2111 -3.0574 3.34329
2112 -2.93963 3.75042
2113 -2.68481 3.81585
2114 -3.20623 3.70167
2115 -3.02135 3.63739
2116 -3.04366 3.86712
2117 -2.81038 3.66254
2118 -3.22962 3.76145
2119 -2.87742 3.74084
2120 -3.19503 3.76432
2121 -2.96489 3.82259
2122 -3.02128 3.84182
2123 -3.24242 3.91676
2124 -3.95091 4.55596
2125 -4.45497 4.20434
2126 -3.26842 4.09076
2127 -3.21046 3.70504
2128 -3.04148 3.88356
2129 -2.80118 3.73978
2130 -2.87526 3.79108
2131 -3.42086 3.71248
2132 -2.97091 3.8527
2133 -2.80595 3.87102
2134 -2.94353 3.44621
2135 -2.67187 3.67801
2136 -2.98203 4.024
2137 -2.89886 3.89296
2138 -2.83965 3.75917
2139 -3.64766 3.80745
2140 -3.06502 3.80638
2141 -3.12714 3.77806
2142 -2.65848 3.87354
2143 -3.11364 3.95347
2144 -2.9736 3.51321
2145 -2.70761 3.59166
2146 -2.91455 3.99531
2147 -2.74372 3.58988
2148 -2.67105 4.18263
2149 -3.17349 3.85849
2150 -3.11347 3.81771
2151 -2.97155 3.81745
2152 -3.36177 3.77198
2153 -2.94648 3.85161
2154 -3.20121 3.67064
2155 -2.86109 3.49661
2156 -2.84443 3.65517
2157 -3.05415 4.0535
2158 -3.15248 3.68004
2159 -3.15333 3.77071
2160 -4.4441 4.48582
2161 -3.84442 4.31819
2162 -3.08118 4.11734
2163 -3.20806 4.11453
2164 -3.02355 4.1109
2165 -3.18959 4.02169
2166 -2.96843 4.14311
2167 -3.07072 4.00721
2168 -2.77504 4.01405
2169 -2.98002 3.9332
2170 -2.81702 4.15161
2171 -2.86889 4.08949
2172 -2.82807 3.79091
2173 -3.10761 4.29265
2174 -2.8998 4.12674
2175 -2.89098 4.31847
2176 -3.20162 4.2421
2177 -2.83447 3.97404
2178 -2.83246 4.16345
2179 -3.04857 4.29611
2180 -2.84786 4.15313
2181 -2.80605 4.11509
2182 -2.84806 4.12134
2183 -2.61093 4.17604
2184 -2.77096 4.12873
2185 -2.82275 4.13871
2186 -3.09042 4.10168
2187 -3.06926 4.14085
2188 -3.1207 4.32812
2189 -3.15477 4.19276
2190 -3.15303 4.18609
2191 -2.9145 4.12141
2192 -3.23066 4.18489
2193 -3.17814 4.49169
2194 -3.19013 4.27033
2195 -3.13481 4.11851
2196 -3.9172 4.67079
2197 -3.56018 4.52964
2198 -3.49686 4.23475
2199 -2.9823 3.91863
2200 -2.99607 3.96462
2201 -3.2382 4.21866
2202 -2.86459 4.18906
2203 -3.005 3.89194
2204 -2.93643 4.16388
2205 -2.85451 4.13271
2206 -2.9025 4.15615
2207 -2.80041 3.72807
2208 -2.9156 4.25185
2209 -3.10573 4.268
2210 -2.75399 4.02984
2211 -2.84541 4.08882
2212 -3.54664 4.18234
2213 -2.98052 4.02776
2214 -2.93716 3.94165
2215 -2.85121 3.84505
2216 -3.20862 4.38994
2217 -2.82204 3.82309
2218 -2.69233 3.9779
2219 -3.0555 3.92175
2220 -2.79544 4.03968
2221 -2.74509 4.43217
2222 -3.09209 4.0617
2223 -2.94135 4.07208
2224 -2.76248 4.0529
2225 -2.96901 4.0433
2226 -3.11459 4.14
2227 -2.83004 3.95138
2228 -2.93314 4.25533
2229 -3.06934 4.41744
2230 -2.87019 4.07775
2231 -3.23577 4.47548
2232 -4.81076 4.73206
2233 -3.50686 4.40942
2234 -3.42074 3.90961
2235 -3.2009 3.97537
2236 -3.08105 3.97885
2237 -3.08058 3.99506
2238 -2.86083 3.87734
2239 -3.04049 3.79681
2240 -2.87642 3.65118
2241 -2.93126 3.81348
2242 -2.73205 3.77075
2243 -2.82457 3.72062
2244 -2.74102 4.09898
2245 -2.86735 4.09456
2246 -2.97253 3.8635
2247 -2.9713 3.79278
2248 -2.95454 4.16315
2249 -2.92892 3.62655
2250 -2.94026 4.20931
2251 -3.1508 3.89269
2252 -2.71818 4.12285
2253 -2.78533 3.82353
2254 -2.9422 3.98232
2255 -2.73462 3.98896
2256 -2.93621 3.79053
2257 -2.69178 4.2719
2258 -2.70054 4.03931
2259 -3.06835 4.12404
2260 -2.89386 4.16969
2261 -3.01468 3.7934
2262 -3.18317 4.26952
2263 -2.94834 3.89465
2264 -2.9137 4.09347
2265 -2.8467 3.98445
2266 -2.98322 3.95897
2267 -3.28466 3.82521
2268 -4.02806 4.78357
2269 -3.64444 4.84994
2270 -2.99827 4.34269
2271 -3.25996 4.13426
2272 -2.70019 4.31515
2273 -2.80313 4.45679
2274 -2.74452 4.24414
2275 -2.7495 4.17877
2276 -2.84214 4.1173
2277 -3.17793 4.05545
2278 -3.08567 4.05026
2279 -3.98969 4.10305
2280 -2.63143 4.3399
2281 -3.20378 4.29917
2282 -2.67578 3.96013
2283 -3.01951 4.26018
2284 -2.58006 4.11433
2285 -2.68336 4.24145
2286 -2.92168 4.42965
2287 -2.88499 4.13225
2288 -3.14734 4.05912
2289 -3.04612 4.14325
2290 -3.10459 4.2507
2291 -2.57253 4.39407
2292 -2.85094 4.44169
2293 -2.67514 4.51468
2294 -2.77936 4.35786
2295 -3.01535 4.35456
2296 -2.97382 4.53021
2297 -2.42186 4.41607
2298 -3.14913 4.29184
2299 -2.86848 4.40806
2300 -3.74521 4.42325
2301 -2.85813 4.41739
2302 -2.88395 4.47449
2303 -3.64838 4.46799
2304 -4.5568 4.97157
